(
GCF-006385655-protein5903_1:0.00000,
GCF-006385655-protein5903_S_GCF-001022015.1.fa_05/05/2020T22_45_18_2:0.00000,
GCF-006385655-protein5903_S_GCF-003051945.2.fa_05/05/2020T22_45_18_3:0.00321);
