(
GCF-008123985-protein12362_1:0.00000,
GCF-008123985-protein12362_S_GCF-003051945.2.fa_05/05/2020T22_53_11_2:0.00260,
GCF-008123985-protein12362_S_GCF-006385655.1.fa_05/05/2020T22_53_12_3:0.00260);
