(
GCF-008123985-protein12382_1:0.00000,
GCF-008123985-protein12382_S_GCF-003408555.1.fa_05/05/2020T22_53_15_2:0.00300,
GCF-008123985-protein12382_S_GCF-009497055.1.fa_05/05/2020T22_53_15_3:0.00300);
