(
GCF-006385655-protein6658_1:0.00000,
GCF-006385655-protein6658_S_GCF-003051945.2.fa_05/05/2020T22_46_17_2:0.00375,
GCF-006385655-protein6658_S_GCF-008931645.1.fa_05/05/2020T22_46_17_3:0.00375);
