(
GCF-008123985-protein12261_1:0.00000,
GCF-008123985-protein12261_S_GCF-006385655.1.fa_05/05/2020T22_53_01_2:0.00321,
GCF-008123985-protein12261_S_TRIM-DNA039413-S56-R1-001.contigs.fa_17/06/2020T14_19_15_3:0.00321);
