(
GCF-008123985-protein12253_1:0.00000,
GCF-008123985-protein12253_S_GCF-002237465.1.fa_05/05/2020T22_53_00_2:0.00300,
GCF-008123985-protein12253_S_GCF-003186415.1.fa_05/05/2020T22_53_00_3:0.00300);
