(
GCF-008123985-protein12371_1:0.00141,
GCF-008123985-protein12371_S_GCF-003051945.2.fa_05/05/2020T22_53_13_2:0.00706,
GCF-008123985-protein12371_S_GCF-003408575.1.fa_05/05/2020T22_53_13_3:0.00141);
