(
GCF-008123985-protein12364_1:0.00081,
GCF-008123985-protein12364_S_GCF-003051945.2.fa_05/05/2020T22_53_12_2:0.00403,
GCF-008123985-protein12364_S_GCF-003186415.1.fa_05/05/2020T22_53_12_3:0.00081);
