(
GCF-008123985-protein12370_1:0.00000,
GCF-008123985-protein12370_S_GCF-003186415.1.fa_05/05/2020T22_53_13_2:0.00200,
GCF-008123985-protein12370_S_GCF-003408595.1.fa_05/05/2020T22_53_13_3:0.00200);
