(
GCF-004118875-protein6331_1:0.00877,
GCF-004118875-protein6331_S_GCF-001022015.1.fa_06/05/2020T00_34_08_2:0.00292,
GCF-004118875-protein6331_S_GCF-003186415.1.fa_06/05/2020T00_34_08_3:0.00000);
