(
GCF-008123985-protein8770_1:0.00000,
GCF-008123985-protein8770_S_GCF-002237465.1.fa_05/05/2020T22_49_33_2:0.00201,
GCF-008123985-protein8770_S_GCF-003051945.2.fa_05/05/2020T22_49_33_3:0.00201);
