(
GCF-008123985-protein12762_1:0.00206,
GCF-008123985-protein12762_S_GCF-006385655.1.fa_05/05/2020T22_53_34_2:-0.00206,
GCF-008123985-protein12762_S_GCF-008693905.1.fa_05/05/2020T22_53_34_3:0.00628);
