(
GCF-008123985-protein12378_1:0.00392,
GCF-008123985-protein12378_S_GCF-001022015.1.fa_05/05/2020T22_53_14_2:0.00000,
GCF-008123985-protein12378_S_GCF-006385655.1.fa_05/05/2020T22_53_14_3:0.00392);
