(
GCF-012562255-protein1509_1:0.00000,
GCF-012562255-protein1509_S_GCF-001022015.1.fa_05/05/2020T23_34_23_2:0.00000,
GCF-012562255-protein1509_S_GCF-011045355.1.fa_05/05/2020T23_34_23_3:0.00255);
