(
GCF-008123985-protein12374_1:0.00328,
GCF-008123985-protein12374_S_GCF-003051945.2.fa_05/05/2020T22_53_13_2:0.00000,
GCF-008123985-protein12374_S_GCF-006385655.1.fa_05/05/2020T22_53_14_3:0.01322);
